-5.335185447285 22.87397214469 3.321082522849
-5.335186122019 23.03235774278 3.2395118525
-5.335183569508 22.47257300032 3.548093398615
-5.335183435834 22.41530679463 3.564253591318
-5.335182020231 21.83259837815 3.735389322321
-5.335181869015 21.70716759728 3.753670248249
-5.335181087613 21.16758008686 3.848137102423
-5.33518058798 20.70903843305 3.908539036644
-5.3351804125 20.49236174355 3.929752849515
-5.335180209648 20.24930028544 3.954276404138
-5.335179772352 19.81305378896 4.007142906855
-5.33517946958 19.520885041 4.043745575724
-5.335179000968 19.13334755604 4.100397821839
-5.335178504357 18.79324630782 4.160434416943
-5.335178058064 18.45679388077 4.214388212751
-5.335177466738 18.08656810908 4.285874972542
-5.335176964014 17.7835600705 4.346651440088
-5.335176234984 17.38652593768 4.434786346377
-5.335175703882 17.11365793313 4.498992405099
-5.335175166752 16.85684440102 4.563927149615
-5.335174345011 16.44633286909 4.663270795674
-5.33517350481 16.01920287362 4.764845001404
-5.335172984699 15.77469223134 4.827723193339
-5.335172156913 15.3485887455 4.927796740732
-5.335171627417 15.09561789591 4.991808369605
-5.335170904498 14.6846848434 5.079204254532
-5.335170371445 14.40212327879 5.143647010846
-5.335169764528 14.02336459944 5.217018868125
-5.33516917939 13.69264063964 5.287758502101
-5.335168720075 13.36334208391 5.343286472938
-5.335168121926 12.96338194322 5.415598651653
-5.335167799712 12.7041531191 5.454551894205
-5.335167199428 12.21352697214 5.527121855061
-5.335167016917 12.04302819619 5.549186409487
-5.335166359629 11.4466382041 5.628647843452
-5.335166297326 11.38042376708 5.636180049268
-5.335165915992 10.9984777424 5.682280546599
-5.335165595358 10.66373861767 5.721042719897
-5.335165529112 10.5914694658 5.729051599371
-5.335164909326 9.86687997847 5.803979211422
-5.335164697913 9.61707689395 5.829538443272
-5.335164315951 9.05888521823 5.875714421486
-5.335164077032 8.62695052026 5.904597977185
-5.335163930498 8.24005062786 5.922313069185
-5.335163875844 7.62689227653 5.928919528146
-5.335163885506 7.41069663304 5.927752303755
-5.335164223176 6.62259653874 5.886930697801
-5.335164245351 6.57282062426 5.884248949356
-5.335164457958 6.31013303006 5.858546672411
-5.335164872929 5.80555754152 5.808378827844
-5.335164944657 5.72488098943 5.799707918805
-5.335165611535 5.06782826335 5.719087279093
-5.335165841115 4.867319211 5.691332433071
-5.33516641208 4.32338731358 5.622306812185
-5.335166810631 3.99995354449 5.574124421547
-5.335167316562 3.57697477932 5.512961150728
-5.335167937216 3.12581574915 5.437928089427
-5.335168267211 2.82868738259 5.398034214109
-5.335168856288 2.24148172238 5.32681905744
-5.33516897224 2.07033785948 5.312801328646
-5.335169332142 1.34938362521 5.269292008525
-5.335169383931 1.30331784764 5.263030287802
-5.335169660175 1.03773070075 5.229635085251
-5.335170245935 0.46244184387 5.158820507422
-5.335170439033 0.34470913394 5.135476347449
-5.335171796838 -0.40595536121 4.97132687264
-5.335172764015 -0.91818710667 4.854402148227
-5.335173391456 -1.26113398503 4.778548859643
-5.335174073547 -1.64438344751 4.696088688947
-5.33517501943 -2.09955620892 4.581737717568
-5.335175636693 -2.35404895048 4.507115568266
-5.335177141996 -2.90218969063 4.325134571345
-5.335177625155 -3.03552341249 4.266723731836
-5.335179835001 -3.65409923417 3.999568819388
-5.335179982642 -3.68880810237 3.981719782037
-5.335181051556 -3.95234405196 3.852495699472
-5.335182731215 -4.36459640829 3.649436817215
-5.335183016514 -4.42333190343 3.614945844371
-5.335185921777 -5.03324895384 3.26371939936
-5.335186914069 -5.1852196695 3.143759247134
-5.335189755793 -5.63399786427 2.800213440046
-5.335191760678 -5.86307750547 2.557836862795
-5.335194233057 -6.1512263952 2.258943427476
-5.335197419582 -6.43696501663 1.873715329618
-5.335199172658 -6.59160116476 1.661780144664
-5.335203947819 -6.85530611654 1.084496747753
-5.335204787614 -6.89861828004 0.982971182915
-5.335209388504 -6.87862595253 0.426755574366
-5.335210698121 -6.8723212652 0.268431865558
-5.335210908898 -6.87142230643 0.242950491163
-5.335215553704 -6.61826958638 -0.318574509748
-5.33521639948 -6.57142222462 -0.420822430523
-5.335219695232 -6.21778652208 -0.819256212888
-5.335220857743 -6.09617471849 -0.959796636335
-5.335223282848 -5.74648498029 -1.252973904366
-5.335224660344 -5.55130318618 -1.419503541768
-5.335226527602 -5.24342602864 -1.645242653967
-5.3352281757 -4.97584377626 -1.84448603926
-5.335229484924 -4.71864202066 -2.002761628438
-5.335231330759 -4.3626954628 -2.225910451781
-5.335232073586 -4.16625352273 -2.315713616403
-5.33523389216 -3.70496127518 -2.535566191335
-5.335234250277 -3.58141297726 -2.578859939111
-5.335236167922 -3.02888771726 -2.810690070482
-5.335236311454 -2.98664594888 -2.828042466259
-5.335237442644 -2.6847181645 -2.964795167848
-5.335238682421 -2.35936808176 -3.114676021359
-5.335238895526 -2.30588585682 -3.140438534719
-5.335241306281 -1.69187532719 -3.431881712571
-5.335241886506 -1.52650833164 -3.502027026069
-5.335243764948 -1.01187126531 -3.7291180827
-5.335244542453 -0.74319936478 -3.823112462552
-5.335245808366 -0.31038021378 -3.976153406343
-5.335246626138 0.03915335072 -4.075016603722
-5.335247469339 0.40571536797 -4.176952901846
-5.33524832553 0.80894528647 -4.280461116544
-5.335249004606 1.12430378879 -4.362555904118
-5.335250001806 1.559795704 -4.483111416849
-5.335250644132 1.83638614872 -4.560764311826
-5.335251755282 2.28992660879 -4.695094277789
-5.33525237627 2.5425917181 -4.770167116927
-5.335253515666 3.00037231866 -4.907912730454
-5.33525416044 3.24575831513 -4.985860961243
-5.335255348465 3.69269928173 -5.129484774531
-5.335256050366 3.94488028181 -5.214339849366
-5.335257268717 4.36840431535 -5.361630085295
-5.335258050269 4.64071578209 -5.45611465103
-5.33525914669 5.03025541163 -5.58866438046
-5.335260021235 5.33991148454 -5.694390360921
-5.335260916617 5.68137090876 -5.802635674317
-5.335261876714 6.04575492403 -5.918704954905
-5.335262596786 6.32445523892 -6.005756326662
-5.335263694031 6.75496983735 -6.138405613048
-5.335264208612 6.96121934485 -6.200614941374
-5.335265516898 7.46547488537 -6.358777893091
-5.335267064833 8.14463994124 -6.545912183387
-5.335267152638 8.18510032295 -6.556527609076
-5.335267204024 8.21510079132 -6.562739421465
-5.33526749995 8.38361396493 -6.598515509505
-5.335268458624 8.91743398968 -6.714412300591
-5.33526861868 9.03794623948 -6.733761677601
-5.335269432005 9.65954895942 -6.832087317857
-5.335269715988 9.98111767296 -6.866419367804
-5.3352700795 10.40896606807 -6.910365001768
-5.335270358369 10.96915689432 -6.944077851257
-5.335270450732 11.16298946253 -6.955244425322
-5.335270539749 11.70912569314 -6.966005573602
-5.335270572983 11.87507287315 -6.970022971256
-5.33527058431 11.91952650894 -6.971393146864
-5.335270590158 12.46613902853 -6.972099381177
-5.335270607221 12.67706883273 -6.974162891044
-5.335270607288 13.05427339686 -6.974170536205
-5.335270629186 13.43467921083 -6.976818459843
-5.335270628807 13.64003632737 -6.976771840283
-5.335270661914 14.19152449073 -6.980774831758
-5.335270664602 14.22392882802 -6.981098956963
-5.335270669106 14.33235956418 -6.981644724554
-5.335270725705 14.94620955428 -6.98848591736
-5.335270732399 15.20571432959 -6.989295397546
-5.335270748912 15.69837643539 -6.991292420998
-5.335270629099 16.26923318302 -6.976807938054
-5.335270612315 16.44680241748 -6.974778835738
-5.335270401957 16.88320692072 -6.949347391675
-5.335270316798 17.12174755198 -6.93905204534
-5.335270287713 17.18978702517 -6.935536663842
-5.335269916851 17.69970546311 -6.890700974778
-5.335269753496 17.92601513016 -6.870953364396
-5.335269497535 18.28007189505 -6.840009005757
-5.335269092189 18.65539954596 -6.791006278674
-5.335268861268 18.85985083646 -6.763089154371
-5.335268560494 19.38107662481 -6.726726822918
-5.335268480291 19.44313402146 -6.71703143685
-5.335268209465 19.71547268957 -6.684289851533
-5.335267849116 20.09924104035 -6.640726876204
-5.335267680406 20.20449101524 -6.620331431344
-5.33526659723 20.80004721915 -6.489382813725
-5.335265902356 21.04018981208 -6.40537768945
-5.335264672613 21.47489839127 -6.256709916248
-5.335263149465 21.76270415616 -6.072571024847
-5.335261594452 22.08412231825 -5.884580969501
-5.335259642154 22.33095103665 -5.648562008701
-5.335257399673 22.59581338185 -5.377461511827
-5.335254797212 22.78315213255 -5.062842356368
-5.335252058658 22.93907435808 -4.731770074792
-5.335249599108 23.03341397912 -4.434428242343
-5.335246254625 23.19056378507 -4.030102783139
-5.335241934903 23.31407490193 -3.507877939021
-5.335240183142 23.35785414243 -3.29610245608
-5.335235263531 23.46216477721 -2.701355525088
-5.33523409061 23.48450361631 -2.559558192686
-5.335228992669 23.59458059925 -1.94325194816
-5.335228102204 23.61510674184 -1.835601479284
-5.335223160422 23.73620612871 -1.23817447818
-5.335222268071 23.76026641964 -1.13029478554
-5.335217717085 23.87654281743 -0.580112067367
-5.335216584041 23.90572728803 -0.443134943419
-5.335212535061 23.99127052555 0.04635844995165
-5.335210984185 24.02685712483 0.233848643375
-5.335207505378 24.05745147938 0.654412795868
-5.335205393509 24.0836971014 0.909722104819
-5.33520258477 24.05320384738 1.249280219677
-5.335199859647 24.03366714862 1.578728225825
-5.335197809432 23.95628552721 1.826584987851
-5.335194598813 23.84832757428 2.214726267082
-5.335193342546 23.75934977509 2.366600644815
-5.33518991757 23.52097023179 2.780656692951
-5.335189372993 23.45103605527 2.846492104045
-5.335186195697 23.05008210853 3.230604681042
