-5.335185447285 21.0301547852469 2.128449156016276
-5.335186122019 21.168091866673116 2.0721321488951165
-5.335183569508 20.68057864240899 2.285179179839738
-5.335183435834 20.630705842277607 2.296336298981218
-5.335182020231 20.123228525772667 2.4144897006922164
-5.335181869015 20.01399159992296 2.4271109900755663
-5.335181087613 19.544068025690663 2.492331619947415
-5.33518058798 19.14472680905454 2.5340335717041174
-5.3351804125 18.956024360579764 2.548679748392522
-5.335180209648 18.74434357303845 2.5656109957934645
-5.335179772352 18.364419077171913 2.60211042870539
-5.33517946958 18.109971041090667 2.6273811878462605
-5.335179000968 17.772466935520015 2.6664943266035817
-5.335178504357 17.476274768210565 2.7079440454735653
-5.335178058064 17.183260337696044 2.745194153750627
-5.335177466738 16.860832900911873 2.794549152832937
-5.335176964014 16.596944990682445 2.8365096852270297
-5.335176234984 16.2511703106092 2.897358690437653
-5.335175703882 16.013531177909556 2.9416870384921423
-5.335175166752 15.789873790386974 2.9865184767244393
-5.335174345011 15.432361723071025 3.0551060805605936
-5.33517350481 15.060376734061823 3.1252336796467355
-5.335172984699 14.847433860590538 3.1686452584387004
-5.335172156913 14.476342852752136 3.237736791670662
-5.335171627417 14.256032034728602 3.2819309038883753
-5.335170904498 13.898152867630428 3.3422696831669527
-5.335170371445 13.652071670756825 3.3867614490273414
-5.335169764528 13.322212975115196 3.4374179336583373
-5.33516917939 13.034187432877381 3.486257111433017
-5.335168720075 12.747403266620966 3.524594042043877
-5.335168121926 12.39908034358444 3.5745189165878206
-5.335167799712 12.17331949252307 3.601412529559339
-5.335167199428 11.746036080399978 3.651515378841117
-5.335167016917 11.59754970395607 3.666748913926924
-5.335166359629 11.07815718410112 3.7216096883121046
-5.335166297326 11.020491422182356 3.726809980117515
-5.335165915992 10.687856886327857 3.758638111789977
-5.335165595358 10.396334560679378 3.7853998091048973
-5.335165529112 10.333395783376966 3.7909292000053276
-5.335164909326 9.70235508068868 3.8426597894855132
-5.335164697913 9.484803050545286 3.8603060762690995
-5.335164315951 8.998677218691093 3.8921863205134852
-5.335164077032 8.62250784266714 3.912127745599554
-5.335163930498 8.285559012689259 3.9243583789638197
-5.335163875844 7.751563027861706 3.9289195281460008
-5.335163885506 7.563279519514389 3.9281136676074184
-5.335164223176 6.876927804520103 3.899930122426625
-5.335164245351 6.833578254741021 3.898078623038082
-5.335164457958 6.604805181255941 3.880333576840122
-5.335164872929 6.165373369981877 3.845697317904834
-5.335164944657 6.095112637509843 3.8397108567907225
-5.335165611535 5.522889301098196 3.784049757999363
-5.335165841115 5.3482671522777 3.7648876026023292
-5.33516641208 4.874560077079456 3.7172317924153178
-5.335166810631 4.592883518850947 3.6839663058738297
-5.335167316562 4.224513811779089 3.641738721577543
-5.335167937216 3.8316020784447886 3.5899353291384295
-5.335168267211 3.572834739832751 3.5623922961982566
-5.335168856288 3.0614408003389837 3.5132248139634883
-5.33516897224 2.9123926214823435 3.5035468680923
-5.335169332142 2.284517839202156 3.473507704743421
-5.335169383931 2.2443994257336266 3.469184565445446
-5.335169660175 2.0131011489451947 3.4461282652847314
-5.335170245935 1.512085483051382 3.3972373457076976
-5.335170439033 1.4095527616929955 3.381120361284104
-5.335171796838 0.7558034887797023 3.26779032363453
-5.335172764015 0.30970388859724274 3.187064610467858
-5.335173391456 0.011033478814598041 3.1346949269152833
-5.335174073547 -0.3227362133174978 3.077763802033881
-5.33517501943 -0.7191434814703133 2.9988150274080314
-5.335175636693 -0.9407797062171834 2.9472953317176978
-5.335177141996 -1.4181522376776066 2.821654276474839
-5.335177625155 -1.5342717881345376 2.781326991551139
-5.335179835001 -2.0729858158763665 2.5968812214916897
-5.335179982642 -2.1032135640861185 2.5845581112450615
-5.335181051556 -2.332725465267149 2.4953408282816922
-5.335182731215 -2.69175360626598 2.355147441747602
-5.335183016514 -2.7429060018968734 2.3313346134974404
-5.335185921777 -3.2740791569070637 2.088845222148868
-5.335186914069 -3.4064295551325525 2.006023826685739
-5.335189755793 -3.7972678329860994 1.7688372057907364
-5.335191760678 -3.9967719388034553 1.6014985855655288
-5.335194233057 -4.247719104106801 1.3951402995135818
-5.335197419582 -4.496567180990711 1.1291759101378631
-5.335199172658 -4.631238888603445 0.9828542571563139
-5.335203947819 -4.860897972793062 0.5842934382287959
-5.335204787614 -4.898618280039999 0.5141994211819993
-5.335209388504 -4.881207080152498 0.1301839625185749
-5.335210698121 -4.875716365213185 0.020876077733025022
-5.335210908898 -4.874933467332623 0.0032835443246276297
-5.335215553704 -4.6544642594002035 -0.38439755894096184
-5.33521639948 -4.613665168879228 -0.4549902959844676
-5.335219695232 -4.305685925281846 -0.7300719897201794
-5.335220857743 -4.199774924177753 -0.82710215992979
-5.335223282848 -3.8952321976061324 -1.0295139608972488
-5.335224660344 -3.7252495265064063 -1.1444872807844937
-5.335226527602 -3.457121129347877 -1.3003392694324112
-5.3352281757 -3.22408532697791 -1.4378984080343342
-5.335229484924 -3.0000898379120216 -1.5471730706637612
-5.335231330759 -2.690098084072023 -1.7012367043144097
-5.335232073586 -2.5190179593023334 -1.7632374876827648
-5.33523389216 -2.1172812668321637 -1.9150253665254515
-5.335234250277 -2.0096837842594244 -1.9449156970985726
-5.335236167922 -1.5284928003711435 -2.1049729714039085
-5.335236311454 -1.4917046939089111 -2.116953196555441
-5.335237442644 -1.228757570678706 -2.2113682949759235
-5.335238682421 -0.9454121062165122 -2.3148471686739125
-5.335238895526 -0.8988347525595728 -2.3326338025479085
-5.335241306281 -0.3640966106863388 -2.533848374553761
-5.335241886506 -0.2200794714674874 -2.582277228980005
-5.335243764948 0.22811490844685522 -2.7390626102784745
-5.335244542453 0.4620996789515832 -2.803957040308606
-5.335245808366 0.8390393198928514 -2.9096176642121634
-5.335246626138 1.1434460357120217 -2.9778735626495854
-5.335247469339 1.462682730404678 -3.048251153060356
-5.33524832553 1.8138532836137866 -3.1197140065505296
-5.335249004606 2.0884971397315963 -3.1763928681638296
-5.335250001806 2.4677644752291474 -3.259625305017893
-5.335250644132 2.7086454590757754 -3.3132374504212314
-5.335251755282 3.103631165637367 -3.405979873860395
-5.33525237627 3.3236757162577657 -3.457810729218718
-5.335253515666 3.722354136115773 -3.552911341543203
-5.33525416044 3.936059350378385 -3.606727389022574
-5.335255348465 4.325297597075438 -3.7058863548751524
-5.335256050366 4.544920539828184 -3.764470939668966
-5.335257268717 4.913765117901313 -3.8661612314147726
-5.335258050269 5.150919565110987 -3.9313940894821564
-5.33525914669 5.490167326565059 -4.022907424168251
-5.335260021235 5.75984497060715 -4.0959014398976645
-5.335260916617 6.0572199653691055 -4.170634822120377
-5.335261876714 6.374559851007879 -4.2507699304069115
-5.335262596786 6.6172783083176725 -4.31087085518993
-5.335263694031 6.992210928044054 -4.402452924750655
-5.335264208612 7.171832405332529 -4.445402715053327
-5.335265516898 7.610985575766647 -4.554599611928641
-5.335267064833 8.202466409523685 -4.683798539853624
-5.335267152638 8.237703116861791 -4.691127509954811
-5.335267204024 8.26383034748301 -4.695416192161906
-5.33526749995 8.410587474582561 -4.720116273653153
-5.335268458624 8.87548817962674 -4.80013229388425
-5.33526861868 8.980441585832736 -4.813491249967361
-5.335269432005 9.521791721382304 -4.881376014905518
-5.335269715988 9.801844013753518 -4.905079121586839
-5.3352700795 10.174454652763947 -4.935419519309521
-5.335270358369 10.662321533001109 -4.958695125316233
-5.335270450732 10.831129171237524 -4.966404612420444
-5.335270539749 11.306755987184841 -4.973834190499472
-5.335270572983 11.451278405621416 -4.976607832193489
-5.33527058431 11.489992814340399 -4.977553811785699
-5.335270590158 11.966034427545853 -4.9780414012913905
-5.335270607221 12.149731947573013 -4.979466064094543
-5.335270607288 12.4782371734533 -4.979471342371461
-5.335270629186 12.809530348902051 -4.981299488857685
-5.335270628807 12.98837464817688 -4.981267302361225
-5.335270661914 13.468662430729916 -4.984030997920412
-5.335270664602 13.496883176588346 -4.984254776410893
-5.335270669106 13.591314863958733 -4.9846315784792985
-5.335270725705 14.125913192903965 -4.989354789681613
-5.335270732399 14.351914368226023 -4.989913660918106
-5.335270748912 14.78097088487175 -4.9912924209980005
-5.335270629099 15.278126653010466 -4.981292224535061
-5.335270612315 15.432770649989168 -4.979891316965087
-5.335270401957 15.812832753009275 -4.962333255835155
-5.335270316798 16.020576379161916 -4.9552252709383495
-5.335270287713 16.07983155429642 -4.952798224991449
-5.335269916851 16.523916508629775 -4.921843326502861
-5.335269753496 16.721008260328546 -4.908209427090846
-5.335269497535 17.02935420463835 -4.886845208084477
-5.335269092189 17.356224837886614 -4.8530133550632595
-5.335268861268 17.534280258616015 -4.833739161514922
-5.335268560494 17.988212717602742 -4.80863433314194
-5.335268480291 18.042258137628536 -4.801940565346509
-5.335268209465 18.279436274350598 -4.779335527462592
-5.335267849116 18.61365786323689 -4.749259320152715
-5.335267680406 18.70531944441335 -4.735178150922335
-5.33526659723 19.223985823069455 -4.644770235927854
-5.335265902356 19.433124588174007 -4.586772463422518
-5.335264672613 19.811709720960717 -4.484131109535365
-5.335263149465 20.062358060868544 -4.357000227639411
-5.335261594452 20.342279238871605 -4.227210473058122
-5.335259642154 20.557240911137555 -4.0642611992660465
-5.335257399673 20.78790796241725 -3.8770913679077808
-5.335254797212 20.951060173358222 -3.6598759258545326
-5.335252058658 21.086851918178773 -3.431301121217504
-5.335249599108 21.16901173665999 -3.2260140735102354
-5.335246254625 21.305872574014167 -2.946864721569952
-5.335241934903 21.413437675821463 -2.5863167434889984
-5.335240183142 21.451564757667597 -2.4401053499838623
-5.335235263531 21.542408273093116 -2.0294875751800174
-5.33523409061 21.56186303605807 -1.931589625531222
-5.335228992669 21.65772843002097 -1.5060871377707854
-5.335228102204 21.67560452630716 -1.4317644406990653
-5.335223160422 21.78106926671784 -1.0192963252404608
-5.335222268071 21.802023231908944 -0.9448153703501609
-5.335217717085 21.90328765963041 -0.5649650647842005
-5.335216584041 21.928704242615726 -0.4703950234714277
-5.335212535061 22.00320334266997 -0.13244508629093116
-5.335210984185 22.034195501690505 -0.003000440157777562
-5.335207505378 22.060839944276424 0.2873602283216763
-5.335205393509 22.0836971014 0.46362770422661226
-5.33520258477 22.05714070666822 0.698061192276769
-5.335199859647 22.04012631116664 0.9255145848859943
-5.335197809432 21.972735114353036 1.0966367660857346
-5.335194598813 21.87871517110383 1.3646124378920927
-5.335193342546 21.801224931587093 1.4694676557751456
-5.33518991757 21.593621595986892 1.7553350798341447
-5.335189372993 21.53271633491869 1.8007883450769344
-5.335186195697 21.183527912065934 2.0659825704218324
