5.927573676483 15.04691894605 6.645940027679
5.927573487275 15.15164988205 6.623066609844
5.927574616534 14.45485514865 6.75958526401
5.927574816497 14.32967902791 6.783759355152
5.927574991424 14.19257667592 6.804907298482
5.927575701164 13.59739016849 6.890710351296
5.927576093635 13.05477963893 6.938156940152
5.927576272088 12.84630469773 6.959730797722
5.927576369916 12.34924938061 6.971557338284
5.927576458818 12.07692915145 6.982304305633
5.927576428581 11.73855239275 6.978649749912
5.927576332505 11.29054472138 6.967034340699
5.927576170219 10.919381134 6.947415092944
5.92757604696 10.48939700245 6.932514646568
5.927575922933 10.19107929406 6.917520299684
5.927575779014 9.67649583913 6.900121142526
5.927575738992 9.45309757176 6.895282797517
5.927575743392 8.85260395627 6.895814320117
5.927575834139 8.7060498707 6.906785149342
5.927576349393 8.02401759253 6.969076781526
5.927576470667 7.95121104026 6.983737552486
5.927577558415 7.20310883886 7.115238889103
5.927577568952 7.1973935808 7.116512824837
5.927577654688 7.13465324329 7.126876766276
5.927578683214 6.3854501831 7.251218384785
5.927578745685 6.30823055034 7.258771104051
5.927579294219 5.56250236934 7.325085465728
5.927579348567 5.38456154429 7.331656210087
5.927579491349 4.73784897668 7.348917230933
5.927579505615 4.44344501242 7.350641944013
5.92757953082 3.9152353494 7.353688926244
5.927579539249 3.49291006451 7.354707585633
5.927579534309 3.09238393966 7.354110584987
5.927579333943 2.52624936627 7.329887600062
5.927579224331 2.27040912903 7.316636684712
5.927578450171 1.53586183918 7.22304604641
5.927578366815 1.45383695169 7.212967956934
5.927577858685 1.11938518402 7.151539066744
5.927577252719 0.72453893474 7.078282035814
5.927577126959 0.64590599988 7.063078373935
5.927576121256 0.06135021103 6.941495262243
5.927575707264 -0.15666047063 6.891446962322
5.927574801335 -0.58914462687 6.781926876563
5.927573997945 -0.95158177394 6.684802817898
5.92757317402 -1.21887766718 6.585195641042
5.927571675118 -1.72350460605 6.403989172436
5.927571255359 -1.82830098865 6.353243197702
5.927569753602 -2.21821597546 6.171690922218
5.927568822602 -2.46685040671 6.0591397287
5.927568423265 -2.55826316983 6.01086197994
5.927565669486 -3.19180327337 5.67794938092
5.927563517509 -3.55532858107 5.417791049019
5.927561716091 -3.8606235055 5.200011923795
5.927556915855 -4.43957333688 4.619696100839
5.927556909571 -4.44032691016 4.618936853179
5.927556907545 -4.44056521642 4.618691790511
5.927552945202 -4.83369627348 4.139671790373
5.927551705494 -4.95277354624 3.989799542248
5.927549390367 -5.1548791364 3.709917116226
5.92754631331 -5.42315746848 3.33792216558
5.927541393512 -5.74172695474 2.743152363364
5.927540354825 -5.79322835552 2.617582776285
5.92753710648 -5.79358613762 2.224880604764
5.927534358778 -5.78576407453 1.892702567187
5.927533699517 -5.79806744854 1.813002720172
5.927529185354 -5.57382653827 1.267271488134
5.927527670995 -5.51260020741 1.084196077692
5.927524235614 -5.24434736737 0.668882477265
5.927522354004 -5.10561162218 0.44140912829
5.927519632024 -4.80608737009 0.112340257544
5.927517747477 -4.59939003248 -0.115488572683
5.927515494626 -4.25869273826 -0.387842292642
5.927513881997 -4.01247014728 -0.582798441362
5.927511863924 -3.60896023371 -0.826769552609
5.927510670226 -3.3681445925 -0.971079266973
5.927508709317 -2.87797477173 -1.208139333956
5.927507963957 -2.68780232111 -1.298248065092
5.927505902288 -2.10401188471 -1.54748998712
5.927505526463 -1.99425294725 -1.592925045552
5.927503232699 -1.31787830176 -1.870224695424
5.927503172607 -1.29991612157 -1.877488706889
5.927502724759 -1.16887764222 -1.931630797481
5.927500988744 -0.67021792317 -2.14150303527
5.927500784403 -0.61000669237 -2.166206886765
5.927498941547 -0.0557172745 -2.388995124364
5.927498514455 0.08312155049 -2.4406275372
5.927497079466 0.56168664226 -2.614107703598
5.927496460602 0.78355332404 -2.688924707864
5.92749539327 1.18327357709 -2.817957539649
5.927494594599 1.48966391401 -2.914510655987
5.927493782872 1.80884626086 -3.01264288466
5.927492752244 2.1948575839 -3.137238342279
5.927492087822 2.43727285507 -3.217562512254
5.927490763876 2.89352704042 -3.37761859396
5.927490240019 3.06529274812 -3.440949247413
5.92748857932 3.58220371385 -3.641716573482
5.927486333918 4.20761285845 -3.913169894616
5.92748616368 4.25720095943 -3.933750292096
5.927486014418 4.29713607536 -3.951796038217
5.927484648832 4.64503343616 -4.116885186105
5.927483561981 4.9211990469 -4.248277683829
5.927483412019 4.95590887772 -4.266407707112
5.927480781152 5.57548186299 -4.584460606862
5.927480183706 5.70796362968 -4.656688078028
5.927477836959 6.2208614121 -4.94039373495
5.927476659152 6.47854638186 -5.082782245305
5.927474829772 6.86517718505 -5.303940979921
5.92747291464 7.27997884076 -5.535468068676
5.927471794688 7.51178666812 -5.6708617514
5.927469009455 8.11533292695 -6.007577099145
5.92746876566 8.16531126608 -6.037050063886
5.927468100485 8.32649753092 -6.11746497297
5.927466420719 8.73981305681 -6.320537293161
5.927466025463 8.8454988881 -6.36832095622
5.92746472052 9.29779684686 -6.526079421784
5.927463870193 9.5641195903 -6.628877731866
5.927463419193 9.86129175379 -6.683400617989
5.927462395745 10.31343176589 -6.807129088801
5.927462272801 10.42561706954 -6.821992653353
5.927461765951 10.75204510295 -6.883266772079
5.927461269837 11.07639338559 -6.943243986786
5.927461053676 11.24999843859 -6.969375526507
5.927460361737 11.84821195706 -7.053026927287
5.927459771401 12.45479012457 -7.124394260138
5.927459609216 12.62536280933 -7.144000920829
5.927459379236 12.92711999991 -7.171803701474
5.927459104831 13.27881647862 -7.204977662759
5.927458994578 13.40738567072 -7.21830672972
5.927458675464 13.85207011155 -7.256885336301
5.927458423732 14.19129921696 -7.287317742886
5.927458265451 14.4259534203 -7.306452625965
5.927457875774 14.97472373592 -7.353561742736
5.9274578615 15.00008718997 -7.355287590937
5.927457815285 15.0725521209 -7.360874962155
5.927457359378 15.7593871867 -7.415990588182
5.927457163214 16.12076505016 -7.439705671737
5.927456943124 16.54299616596 -7.466312444702
5.927456633005 17.26081571157 -7.503804306984
5.92745660692 17.32399809745 -7.506958104873
5.927456538824 17.48326221182 -7.515189834917
5.927456310834 17.96782464415 -7.542752116341
5.927456237105 18.10257757186 -7.551665497429
5.927456129972 18.33176051186 -7.564617455127
5.927455896669 18.87796009713 -7.592822288565
5.927455867454 19.22102939155 -7.596354022768
5.927455794482 19.64975196509 -7.605175952619
5.927455879206 19.86938872999 -7.59493294037
5.927456031213 20.4150386003 -7.576557321905
5.927456493151 21.11747054135 -7.520712329331
5.927456522447 21.17179797182 -7.517170410444
5.927457629949 21.84253611166 -7.383280207706
5.927457728354 21.90268610051 -7.371384673398
5.927457736574 21.9068317966 -7.370390663608
5.927460006567 22.57293799282 -7.095963947427
5.927460057666 22.58700362937 -7.089786741028
5.927462378064 22.98620982419 -6.809266661548
5.92746346421 23.17321945913 -6.677959357348
5.927463497453 23.17905279222 -6.673940140153
5.92746774627 23.58402079785 -6.160287157318
5.92746811058 23.62123491195 -6.116245242949
5.927472531837 23.84320365382 -5.581745572141
5.927473417787 23.891449351 -5.474640658597
5.927477544037 24.00494082431 -4.975805919019
5.927478910939 24.04506167432 -4.810556153521
5.927482703212 24.10556784329 -4.352097288518
5.927484424521 24.13499416874 -4.144002589934
5.927487912314 24.16890388452 -3.722352863358
5.927489919585 24.18871208244 -3.479687259443
5.927493081363 24.20994920648 -3.097451389933
5.927495384754 24.21981022705 -2.818986475299
5.927498173672 24.25108786598 -2.481825720807
5.927500808271 24.28811012141 -2.163321580785
5.927503206222 24.31176247265 -1.873425974436
5.927506268326 24.33953108407 -1.50323839762
5.927508148652 24.35094650654 -1.27592054933
5.927511808897 24.36492323707 -0.833422360395
5.927512964078 24.36137812223 -0.693768017166
5.927517500486 24.33851103093 -0.145348011997
5.927517653849 24.33512297966 -0.126808127308
5.927518195587 24.32302926625 -0.06131531344485
5.927523252151 24.21022822045 0.549988149906
5.927525224209 24.1376143941 0.788395659572
5.927528788639 23.98681311119 1.219311917443
5.927532885312 23.7536761493 1.71457098625
5.927534030892 23.68065732438 1.853062895006
5.927536951103 23.45431798547 2.2060965071
5.927538584859 23.33680636359 2.403606170377
5.927539043353 23.30927069257 2.459035125227
5.927542492428 22.99027994776 2.876004184221
5.927543794671 22.87407948246 3.033435761908
5.927546297812 22.5745540002 3.336048871666
5.92754804256 22.35777272594 3.546976096143
5.927549938711 22.07587036395 3.776208015641
5.927551779403 21.7752616333 3.998734889092
5.927553378837 21.4905084848 4.192094975813
5.92755508714 21.14739934878 4.398616796837
5.927556615 20.83000801394 4.583324694003
5.927558018769 20.49209977382 4.753030500225
5.927559582567 20.11577654048 4.94208363788
5.927560613672 19.82522119337 5.066736349663
5.927562235099 19.38671284315 5.262755807422
5.927562948529 19.15545750396 5.349004506026
5.927564614421 18.66518681717 5.550399738717
5.927565123075 18.48530855404 5.611891833452
5.927566796368 17.95407479823 5.814181381441
5.92756716892 17.81202179914 5.859220398629
5.927568805466 17.24977201324 6.057067528122
5.927569093862 17.13386723542 6.09193218967
5.927570597011 16.54899750273 6.273653744566
5.927570823661 16.44733561677 6.301053315652
5.927571022029 16.34826295102 6.325035374535
5.927572348785 15.75256423451 6.485431055472
