5.927573676483 14.28260600217012 4.835451545236394
5.927573487275 14.373448270817255 4.8186940621348455
5.927574616534 13.769057469197456 4.91871011818451
5.927574816497 13.660481309919465 4.936420498274165
5.927574991424 13.54156049084429 4.9519138672818634
5.927575701164 13.025303359301933 5.0147747487628855
5.927576093635 12.554649955640443 5.049534985152388
5.927576272088 12.373821469445245 5.065340386700699
5.927576369916 11.942682071910387 5.074004726024498
5.927576458818 11.70647500301336 5.081878150321771
5.927576428581 11.412971348870784 5.079200756143948
5.927576332505 11.02437524925633 5.070691095497319
5.927576170219 10.702432721054267 5.0563176767502345
5.92757604696 10.329470008372407 5.045401337961142
5.927575922933 10.07071305992155 5.034416205947206
5.927575779014 9.624369980794272 5.021669266064432
5.927575738992 9.430597193165124 5.018124606262706
5.927575743392 8.909736744259824 5.01851400941408
5.927575834139 8.782617612882204 5.026551439004798
5.927576349393 8.191031575309346 5.072187424899916
5.927576470667 8.127880107049927 5.082928173107728
5.927577558415 7.478985866716853 5.179268450808527
5.927577568952 7.4740285252864815 5.18020175936298
5.927577654688 7.419608362412206 5.187794571892452
5.927578683214 6.7697592513049045 5.278889509518928
5.927578745685 6.702779933713233 5.284422769409675
5.927579294219 6.055944888181497 5.333005880303222
5.927579348567 5.90160130213272 5.337819727466547
5.927579491349 5.340651127827907 5.350465466167638
5.927579505615 5.085288910764474 5.351729022427643
5.92757953082 4.627126633764719 5.353961297184963
5.927579539249 4.2608071063000255 5.354707585633001
5.927579534309 3.9133958902499772 5.354270212070853
5.927579333943 3.4223380331300373 5.336524011503984
5.927579224331 3.2004254975435815 5.326816149230865
5.927578450171 2.563288613379969 5.258249940581061
5.927578366815 2.492141279557634 5.250866548413427
5.927577858685 2.2020421122190807 5.205862623038941
5.927577252719 1.859557547282055 5.152193186021069
5.927577126959 1.7913523496023096 5.141054706024034
5.927576121256 1.2843161668076695 5.051980700804986
5.927575707264 1.0952165018213602 5.015314403435818
5.927574801335 0.7200852998355032 4.935077991036696
5.927573997945 0.4057119738696784 4.863923134181766
5.92757317402 0.17386294941348446 4.790949099649717
5.927571675118 -0.2638439755719837 4.658193935665885
5.927571255359 -0.3547430117593162 4.6210165090035975
5.927569753602 -0.6929502629705357 4.488008000593659
5.927568822602 -0.9086125749978073 4.405550943364945
5.927568423265 -0.9879028315569958 4.3701817840699775
5.927565669486 -1.5374273797240683 4.126283941927932
5.927563517509 -1.85274456224324 3.9356872028657484
5.927561716091 -2.1175534582668263 3.7761382435831203
5.927556915855 -2.619727105558926 3.3509882871185663
5.927556909571 -2.620380745342562 3.3504320484346883
5.927556907545 -2.6205874491315093 3.3502525110543346
5.927552945202 -2.9615842783680684 2.999313721953348
5.927551705494 -3.064870375246185 2.8895145794088246
5.927549390367 -3.2401741681618006 2.684467609239498
5.92754631331 -3.47287534744866 2.4119373234606596
5.927541393512 -3.7491984278955943 1.9761981181594526
5.927540354825 -3.7938700814112334 1.8842035483612816
5.92753710648 -3.794180417009164 1.5965027748837546
5.927534358778 -3.787395659957088 1.3531430858527522
5.927533699517 -3.7980674485399994 1.2947535242584136
5.927529185354 -3.6035637632828994 0.8949408698998669
5.927527670995 -3.5504568303298463 0.7608164850387497
5.927524235614 -3.317777762511046 0.45655016632756107
5.927522354004 -3.197440159154665 0.28989904190888377
5.927519632024 -2.93763667019614 0.04881718520736622
5.927517747477 -2.758350054522092 -0.11809437126026312
5.927515494626 -2.4628335976760916 -0.3176256740493435
5.927513881997 -2.2492632849196124 -0.46045410446953117
5.927511863924 -1.89926396885976 -0.6391917904366692
5.927510670226 -1.6903835748830378 -0.7449157192910416
5.927508709317 -1.2652165684399126 -0.9185902481776135
5.927507963957 -1.1002634274834922 -0.9846055481299831
5.927505902288 -0.5938911015732451 -1.1672047262112952
5.927505526463 -0.49868760904296394 -1.200491278723226
5.927503232699 0.08799107061395439 -1.4036460599769771
5.927503172607 0.10357123499163556 -1.408967807266878
5.927502724759 0.21723232882760257 -1.4486332903495855
5.927500988744 0.6497633639884555 -1.6023895196810698
5.927500784403 0.7019898121881383 -1.6204880118678016
5.927498941547 1.182773333557705 -1.7837067382391676
5.927498514455 1.3032003470085742 -1.8215335856230097
5.927497079466 1.7183015605765606 -1.9486283196867495
5.927496460602 1.9107458705377276 -2.0034406216234313
5.92749539327 2.2574580837396514 -2.0979724276604523
5.927494594599 2.5232171264867995 -2.168709001753022
5.927493782872 2.8000717943374793 -2.2406024623441505
5.927492752244 3.1348930577360576 -2.331883367132465
5.927492087822 3.3451609501932893 -2.3907303191145273
5.927490763876 3.740909970109855 -2.507990323886708
5.927490240019 3.889897338686878 -2.554387515714539
5.92748857932 4.3382592707858585 -2.7014733206525365
5.927486333918 4.880731129608243 -2.9003449748397583
5.92748616368 4.923743211453157 -2.915422549406097
5.927486014418 4.958382418055565 -2.9286431921565104
5.927484648832 5.260144120170238 -3.0495905130133383
5.927483561981 5.499686623656917 -3.1458510533559774
5.927483412019 5.52979348507222 -3.15913343909243
5.927480781152 6.06720313425558 -3.392144794518438
5.927480183706 6.182116116991646 -3.445059957274733
5.927477836959 6.626997065435738 -3.652907896134538
5.927476659152 6.8505096983149745 -3.7572243158904586
5.927474829772 7.1858682908386164 -3.9192492386554503
5.92747291464 7.5456619189914695 -4.08887020677442
5.927471794688 7.746729050937525 -4.188062088226959
5.927469009455 8.270237323465597 -4.4347458934444965
5.92746876566 8.313587892869322 -4.4563383249806385
5.927468100485 8.453398788599534 -4.515251754088975
5.927466420719 8.811903366835438 -4.664026239762279
5.927466025463 8.903573899391757 -4.699033422860905
5.92746472052 9.29589133918077 -4.814610152140498
5.927463870193 9.526896266000277 -4.88992206907802
5.927463419193 9.784659583519074 -4.929866529912189
5.927462395745 10.176840022403981 -5.020512264352446
5.927462272801 10.27414811380148 -5.031401582844577
5.927461765951 10.557287597105509 -5.076292119821607
5.927461269837 10.83862313130545 -5.12023252125967
5.927461053676 10.989205924369823 -5.139376963880833
5.927460361737 11.508088646407176 -5.200661505837072
5.927459771401 12.03422675758027 -5.2529465155754576
5.927459609216 12.18217931338318 -5.267310712809877
5.927459379236 12.443919624506467 -5.287679537014265
5.927459104831 12.74897663269768 -5.311983386122208
5.927458994578 12.860495898490294 -5.321748503690976
5.927458675464 13.24620947062031 -5.3500118945198345
5.927458423732 13.540452439350984 -5.37230723065046
5.927458265451 13.743988481261198 -5.386325795001422
5.927457875774 14.219984804230421 -5.420838793186194
5.9274578615 14.241984738486995 -5.422103181056547
5.927457815285 14.304839888784125 -5.426196591120714
5.927457359378 14.900591802656797 -5.466575304019729
5.927457163214 15.214046319625508 -5.4839494067791605
5.927456943124 15.580284166031113 -5.503442013942811
5.927456633005 16.202911619704096 -5.530909236076742
5.92745660692 16.257715209656524 -5.533219765933358
5.927456538824 16.395858856758537 -5.539250481504764
5.927456310834 16.816162086494124 -5.559443111593305
5.927456237105 16.933045045126516 -5.565973217152399
5.927456129972 17.131835383492444 -5.5754620575968765
5.927455896669 17.605601887976384 -5.596125433010586
5.927455867454 17.90317578732819 -5.59871284590414
5.927455794482 18.275044240796532 -5.605175952619
5.927455879206 18.46555434949864 -5.5976717350197855
5.927456031213 18.938844038287208 -5.584209421773512
5.927456493151 19.548124481414277 -5.543296361639014
5.927456522447 19.595247396783467 -5.540701487260199
5.927457629949 20.1770370438389 -5.442611082667858
5.927457728354 20.229210371557787 -5.433896197267341
5.927457736574 20.23280629509596 -5.433167967565122
5.927460006567 20.81057825375141 -5.232117949933761
5.927460057666 20.822778606225754 -5.2275924158577975
5.927462378064 21.169044931921906 -5.0220782891347735
5.92746346421 21.33125468718297 -4.92588016312169
5.927463497453 21.33631444537772 -4.922935611296838
5.92746774627 21.687578491761638 -4.546624067389915
5.92746811058 21.719857536327204 -4.514358157628541
5.927472531837 21.912390371899505 -4.122773949883151
5.927473417787 21.954238069931094 -4.044306936699843
5.927477544037 22.052679116114298 -3.6788515080777042
5.927478910939 22.087479426071997 -3.5577865158302355
5.927482703212 22.139961699851938 -3.221911189350308
5.927484424521 22.165485716574437 -3.0694572176615154
5.927487912314 22.194898568481296 -2.7605489373669267
5.927489919585 22.2120799449264 -2.5827676898827803
5.927493081363 22.230500753533846 -2.3027347201567614
5.927495384754 22.239054076114243 -2.0987262446847303
5.927498173672 22.266183898369697 -1.8517161263604225
5.927500808271 22.298296527189272 -1.6183741840808297
5.927503206222 22.318812272847083 -1.405991375370326
5.927506268326 22.342898409712827 -1.1347852046246183
5.927508148652 22.35280000053543 -0.968248002843999
5.927511808897 22.36492323707 -0.6440657587633942
5.927512964078 22.361848249993784 -0.5417524397133346
5.927517500486 22.342013628721485 -0.13996994111761923
5.927517653849 22.339074876568446 -0.12638728343953654
5.927518195587 22.328584944896946 -0.07840605345889115
5.927523252151 22.230742766667568 0.3694460135524715
5.927525224209 22.16775846639565 0.5441077035250498
5.927528788639 22.036955370599358 0.8598048136616014
5.927532885312 21.83473536443434 1.2226406406590948
5.927534030892 21.771399773604898 1.3241023390122184
5.927536951103 21.575075938299182 1.5827412023259078
5.927538584859 21.473147866884034 1.7274403840849273
5.927539043353 21.449263779529197 1.7680486473945767
5.927542492428 21.17257530482694 2.073527785246391
5.927543794671 21.071784513787847 2.1888650305050796
5.927546297812 20.811979957795664 2.410564914171653
5.92754804256 20.62394666499672 2.5650940459930074
5.927549938711 20.379428177162737 2.733033531251968
5.927551779403 20.118684025431094 2.8960607774814044
5.927553378837 19.871692801995884 3.0377199037700366
5.92755508714 19.574084344551984 3.1890215566701525
5.927556615 19.29878317751374 3.3243419310807223
5.927558018769 19.00568591036947 3.448671500037755
5.927559582567 18.679267971535893 3.5871752768848055
5.927560613672 18.427243995553972 3.6784981271179436
5.927562235099 18.046887485088938 3.8221055571341385
5.927562948529 17.846299574284984 3.8852929268491905
5.927564614421 17.421045077951707 4.032838747631057
5.927565123075 17.26502098299818 4.077888977808016
5.927566796368 16.804235646756 4.2260899902889015
5.92756716892 16.681020699975946 4.259086395761955
5.927568805466 16.193332457625836 4.404032811425971
5.927569093862 16.09279814210887 4.4295752983838135
5.927570597011 15.585489648459937 4.562707823978524
5.927570823661 15.497309434396417 4.582781249505718
5.927571022029 15.411375076685252 4.600350943259892
5.927572348785 14.894673661566083 4.717859744622764
